73399
 OpenBabel02262513263D

 48 51  0  0  1  0  0  0  0  0999 V2000
   -2.0083    0.1029    0.3678 O   0  0  0  0  0  0  0  0  0  0  0  0
    1.8240   -0.1487    0.5364 O   0  0  0  0  0  0  0  0  0  0  0  0
   -5.1367    4.1525    0.2020 O   0  0  0  0  0  0  0  0  0  0  0  0
    5.9000   -2.5193   -1.6803 O   0  0  0  0  0  0  0  0  0  0  0  0
   -3.7577    6.0467   -1.0855 O   0  0  0  0  0  0  0  0  0  0  0  0
    5.1572   -2.3799   -4.2366 O   0  0  0  0  0  0  0  0  0  0  0  0
    0.0039    0.7298   -0.6680 C   0  0  1  0  0  0  0  0  0  0  0  0
   -0.0927   -0.7859   -0.6395 C   0  0  1  0  0  0  0  0  0  0  0  0
   -1.1008    1.2177    0.2699 C   0  0  1  0  0  0  0  0  0  0  0  0
    1.2936   -1.2611   -0.2194 C   0  0  1  0  0  0  0  0  0  0  0  0
   -1.1831   -1.0654    0.3785 C   0  0  0  0  0  0  0  0  0  0  0  0
    1.3875    1.0448   -0.1308 C   0  0  0  0  0  0  0  0  0  0  0  0
   -1.8167    2.4832   -0.1573 C   0  0  0  0  0  0  0  0  0  0  0  0
    2.2966   -1.5815   -1.3204 C   0  0  0  0  0  0  0  0  0  0  0  0
   -3.1666    2.6711    0.1974 C   0  0  0  0  0  0  0  0  0  0  0  0
    3.6167   -1.9212   -0.9472 C   0  0  0  0  0  0  0  0  0  0  0  0
   -1.1426    3.5299   -0.8120 C   0  0  0  0  0  0  0  0  0  0  0  0
    1.9821   -1.5217   -2.6886 C   0  0  0  0  0  0  0  0  0  0  0  0
   -3.8330    3.8579   -0.1075 C   0  0  0  0  0  0  0  0  0  0  0  0
    4.5893   -2.1913   -1.9121 C   0  0  0  0  0  0  0  0  0  0  0  0
   -1.8041    4.7155   -1.1316 C   0  0  0  0  0  0  0  0  0  0  0  0
    2.9472   -1.7930   -3.6561 C   0  0  0  0  0  0  0  0  0  0  0  0
   -3.1362    4.8677   -0.7761 C   0  0  0  0  0  0  0  0  0  0  0  0
    4.2332   -2.1255   -3.2610 C   0  0  0  0  0  0  0  0  0  0  0  0
   -5.8559    3.1458    0.9071 C   0  0  0  0  0  0  0  0  0  0  0  0
    6.3174   -2.5622   -0.3213 C   0  0  0  0  0  0  0  0  0  0  0  0
   -0.1172    1.1091   -1.6890 H   0  0  0  0  0  0  0  0  0  0  0  0
   -0.4394   -1.1948   -1.5917 H   0  0  0  0  0  0  0  0  0  0  0  0
   -0.7147    1.3940    1.2831 H   0  0  0  0  0  0  0  0  0  0  0  0
    1.2319   -2.1325    0.4437 H   0  0  0  0  0  0  0  0  0  0  0  0
   -0.8031   -1.2187    1.3943 H   0  0  0  0  0  0  0  0  0  0  0  0
   -1.7884   -1.9345    0.1017 H   0  0  0  0  0  0  0  0  0  0  0  0
    2.0867    1.2590   -0.9473 H   0  0  0  0  0  0  0  0  0  0  0  0
    1.4191    1.8891    0.5642 H   0  0  0  0  0  0  0  0  0  0  0  0
   -3.6715    1.8667    0.7239 H   0  0  0  0  0  0  0  0  0  0  0  0
    3.8573   -1.9442    0.1130 H   0  0  0  0  0  0  0  0  0  0  0  0
   -0.0923    3.4455   -1.0782 H   0  0  0  0  0  0  0  0  0  0  0  0
    0.9948   -1.2468   -3.0442 H   0  0  0  0  0  0  0  0  0  0  0  0
   -1.2826    5.5201   -1.6417 H   0  0  0  0  0  0  0  0  0  0  0  0
    2.6975   -1.7407   -4.7111 H   0  0  0  0  0  0  0  0  0  0  0  0
   -4.6669    5.9457   -0.7425 H   0  0  0  0  0  0  0  0  0  0  0  0
    5.9828   -2.5793   -3.7512 H   0  0  0  0  0  0  0  0  0  0  0  0
   -5.9605    2.2410    0.2991 H   0  0  0  0  0  0  0  0  0  0  0  0
   -5.3857    2.9236    1.8713 H   0  0  0  0  0  0  0  0  0  0  0  0
   -6.8594    3.5308    1.1094 H   0  0  0  0  0  0  0  0  0  0  0  0
    6.2252   -1.5789    0.1514 H   0  0  0  0  0  0  0  0  0  0  0  0
    5.7662   -3.3257    0.2367 H   0  0  0  0  0  0  0  0  0  0  0  0
    7.3759   -2.8405   -0.3083 H   0  0  0  0  0  0  0  0  0  0  0  0
  1  9  1  0  0  0  0
  1 11  1  0  0  0  0
  2 10  1  0  0  0  0
  2 12  1  0  0  0  0
  3 19  1  0  0  0  0
  3 25  1  0  0  0  0
  4 20  1  0  0  0  0
  4 26  1  0  0  0  0
  5 23  1  0  0  0  0
  5 41  1  0  0  0  0
  6 24  1  0  0  0  0
  6 42  1  0  0  0  0
  7  8  1  0  0  0  0
  7  9  1  0  0  0  0
  7 12  1  0  0  0  0
  7 27  1  6  0  0  0
  8 10  1  0  0  0  0
  8 11  1  0  0  0  0
  8 28  1  6  0  0  0
  9 13  1  0  0  0  0
  9 29  1  1  0  0  0
 10 30  1  1  0  0  0
 10 14  1  0  0  0  0
 11 31  1  0  0  0  0
 11 32  1  0  0  0  0
 12 33  1  0  0  0  0
 12 34  1  0  0  0  0
 13 15  2  0  0  0  0
 13 17  1  0  0  0  0
 14 16  2  0  0  0  0
 14 18  1  0  0  0  0
 15 19  1  0  0  0  0
 15 35  1  0  0  0  0
 16 20  1  0  0  0  0
 16 36  1  0  0  0  0
 17 21  2  0  0  0  0
 17 37  1  0  0  0  0
 18 22  2  0  0  0  0
 18 38  1  0  0  0  0
 19 23  2  0  0  0  0
 20 24  2  0  0  0  0
 21 23  1  0  0  0  0
 21 39  1  0  0  0  0
 22 24  1  0  0  0  0
 22 40  1  0  0  0  0
 25 43  1  0  0  0  0
 25 44  1  0  0  0  0
 25 45  1  0  0  0  0
 26 46  1  0  0  0  0
 26 47  1  0  0  0  0
 26 48  1  0  0  0  0
M  END
